,tag,fund_ratio_net_annual_expense,pb_ratio,ps_ratio,mmc,pc_ratio,pe_ratio,total_assets,yield,greatstone_rating,return_ytd,Year,inception_date_delta,portfolio_communication_allocation,portfolio_financial_services,portfolio_industrials_allocation,portfolio_tech_allocation,portfolio_materials_basic_allocation,portfolio_energy_allocation,portfolio_consumer_defence_allocation,portfolio_healthcare_allocation,portfolio_property_allocation,id,portfolio_utils_allocation,portfolio_cyclical_consumer_allocation,3yrs_treynor_ratio_fund,3_years_alpha_fund,3years_category_std,3yrs_sharpe_ratio_fund,3yrs_treynor_ratio_category,3_years_return_mean_annual_fund,fund_beta_3years,3years_fund_r_squared,3years_fund_std,category_beta_3years,fund_return_3years,3_years_alpha_category,3_years_return_mean_annual_category,3yrs_sharpe_ratio_category,3years_category_r_squared,3_years_return_category,category_r_squared_5years,5yrs_sharpe_ratio_fund,5_years_alpha_fund,5years_fund_r_squared,5years_fund_std,5yrs_sharpe_ratio_category,5_years_beta_fund,5yrs_treynor_ratio_fund,5_years_return_mean_annual_fund,5_years_return_mean_annual_category,5yrs_treynor_ratio_category,5_years_return_fund,5_years_alpha_category,5_years_beta_category,5years_category_std,5_years_return_category,10years_category_r_squared,10yrs_sharpe_ratio_fund,10_years_alpha_fund,10years_fund_r_squared,10years_fund_std,10yrs_sharpe_ratio_category,10_years_beta_fund,10yrs_treynor_ratio_fund,10_years_return_mean_annual_category,10yrs_treynor_ratio_category,10_years_return_fund,10_years_alpha_category,10_years_beta_category,10years_category_std,10_years_return_mean_annual_fund,10_years_return_category,investment_class_Growth,investment_class_Value,investment_class_unknown,fund_size_Medium,fund_size_Small,fund_size_unknown
tag,1.0,-0.03230300884829166,0.0037817369015894584,0.014380085297521352,0.0036577649396357373,0.00916460458554804,0.01532286932953988,0.03778743608903803,-0.005556342524168571,0.0010283307197423706,0.01258414631560763,-0.03395569503283949,-0.03352733559629264,0.013354587319813347,0.005245005751357913,0.021662925801902645,0.008796658141423615,-0.0012658919048055602,-0.012432387808018681,0.0013265599298579631,-0.01120972198661464,-0.004574816311119538,1.0,0.004049847605046369,0.026512614169350728,0.003155958923015677,-0.02142587645118683,0.00036166000301619166,0.02247247567279649,0.014084105179453124,0.017375245752471853,0.018831459669783588,0.04359442166310818,0.028150030473224112,-0.0034736315036279033,0.017022435052034206,-0.026802396164981264,0.011866389895340671,0.009336259487075017,0.036978641600862935,0.00879971187495316,0.033439513048521746,0.0191866082880366,-0.024874190914872932,0.01872914500979054,0.030837934457043335,0.04428752636286221,0.007074919594843737,0.0037540730261726375,0.017454090181793554,0.03107919889494511,0.01922357925826309,0.009145381094768685,-0.021049489653169263,-0.0024247405821332976,-0.0017312460419700575,0.025361615681680005,0.011985529474187151,0.006282877037984882,-0.018745394481844844,-0.012348244133430938,0.036407630727032854,-0.019894360436082666,-0.012210355152701101,0.006754059186203514,-0.0077548298269299815,-0.018691599614426797,0.017003320930118342,-0.026691005363822268,-0.005473992526399698,-0.009665982904225608,0.009459415506673839,0.008218241532122467,-0.0006054628761010401,-0.038798584750077546,0.01274716858751906,-0.015443058185148524,0.01065865159978092,0.01274716858751906
fund_ratio_net_annual_expense,-0.03230300884829166,1.0,0.033818632597439245,0.017840117049083004,-0.02579436142652106,0.009517827755506171,0.021553397462710264,-0.20592204652246862,-0.20901012511106862,-0.24266868246300086,0.050832301513837656,-0.033389728577330254,-0.033267990321023115,0.03607384503934569,0.0654744935386818,0.09236718694080767,0.0709796345580517,0.059099941678362244,0.06680637821278006,0.038610065379868025,0.037115037236014725,0.06079238692876369,-0.03230300884829166,0.014650000411005023,0.07537443451679464,-0.01144202869915294,-0.16837991358971585,0.17273141445607004,-0.1928965728466076,0.02638751811665078,-0.04266774055363555,-0.042865321612453766,-0.20223751397821654,0.23536525683431694,-0.007094595129581314,-0.04917428060780927,-0.049378857456409256,0.018331908816384676,-0.03366902084382731,-0.2047148573031583,0.014411790149641683,-0.17932029311643552,-0.35184110933234747,-0.20402855791560445,-0.15920810215490974,0.2567742466874089,-0.2487527288500957,-0.03538295206454146,-0.011276337931335877,-0.1333983669489466,-0.040384320251549116,-0.04867859053598063,-0.13976723102252372,-0.04860950121887828,-0.0676671378816919,0.18015295829823433,-0.0841382031930196,-0.10138542786609922,-0.3822371957983131,-0.1647931829379288,-0.0545227080582946,0.2942408054547892,-0.1633450981467595,-0.020782355258365918,0.0006747388554038573,0.05658602044022893,-0.0021632455460449053,-0.03907349154132001,0.003969142131537389,-0.01752146132217295,0.17055728060938152,-4.07314843149725e-05,0.005766025553281633,0.07266823458227688,-0.014930900610639737,0.03150499944497122,0.0084515997059918,0.02820523747515942,0.03150499944497122
pb_ratio,0.0037817369015894584,0.033818632597439245,1.0,0.02139515185322785,0.2725967374707837,0.00026915255012942166,0.05453673421589654,0.09312730358429944,-0.204139453741472,0.05227537946230523,0.29306935561386366,-0.010410810758996808,-0.010009298119243188,0.03952186447528196,0.09042526281851099,0.12674637767680833,0.33660295455099115,0.011787518887884391,0.09329557916804207,0.14737418769440988,0.2891256068970182,0.0062711108723059305,0.0037817369015894584,-0.0078336373970869,0.18917819427888824,0.02910068776410335,0.04237952704099242,0.23370506110834097,0.17430099015926923,0.13174456062730094,0.3030615276624462,0.10323588403188984,0.1154085863158895,0.21418239130354377,0.14302548952682412,0.2904070842695175,-0.002481514418408442,0.23470119854780158,0.18795536213564043,0.12470873591311028,0.3181742692135392,0.13865537353600466,0.09741399688335191,0.037699254882277974,0.11629989376339678,0.20409770935880236,0.07528753391395969,0.08841286582058723,0.03999783866878936,0.28330829183832595,0.24169829889654068,0.18693862997208813,0.2561984503950392,-0.007841350916064636,0.12890938633110133,0.2266561649701535,0.28408217188486823,0.15582145919112228,0.0456948430726171,-0.0027918429178764937,0.10890655547425689,0.17476100047699403,0.0446753032859605,0.02001797557763877,0.0018383291861999622,0.20831987941580338,-0.02700871792676717,0.1959719570676002,-0.07440687823555642,0.07459213572113094,0.20736742773769662,0.24020309273756646,0.2739364563039099,0.2481862162097755,-0.0885648322334356,-0.15574144896280315,-0.10504555517750772,-0.02936152777637705,-0.15574144896280315
ps_ratio,0.014380085297521352,0.017840117049083004,0.02139515185322785,1.0,0.007450605636313354,0.07003881984904513,0.006870288173792194,-0.005924599789192332,-0.020115831557406604,-0.0037141163023499805,0.015288030932953433,0.0009959642445760567,0.00139436136784005,-0.0030187595704853206,-0.0023151805149696234,-0.007057324117008299,0.007523288023318492,0.12943902438738242,0.0031540864641829308,-0.002605940401596775,0.003435591774520093,0.013548888920259473,0.014380085297521352,-0.004176856791060212,-0.0027656423027266792,-0.0003929226191279509,-0.003923043409574499,0.02172029228858034,-0.006292714495691562,-0.0013794061655750605,0.0040637121328326595,0.0019225589565805513,0.003556119906354333,0.018786804444730014,0.011884906154513828,0.004833513279496537,0.000672233117210626,0.002879427025575959,-0.00529693291600825,0.001757654185132636,0.00823800299668067,0.006237023991428467,-0.025597504525534682,0.013364943311965282,-0.006423545895944415,0.016067834103517267,-0.031757829808501635,-0.003943846046330901,-0.0029987447137592234,-0.005469974955350765,-0.013049815566529902,-0.026694086399481964,-0.0025528410014837013,0.004926289662842968,0.011547027699207008,0.023043877631367362,-0.022848829327258163,0.00896981974541996,-0.04585252924095267,-0.005255621644028302,-0.022158819054377932,0.011166958001717216,-0.045454382814270916,-0.004545045599780894,-0.0014863001337162135,-0.0013530647480990297,-0.006280578395187043,-0.001720022502558574,-0.0065015690718873,0.006193568559133255,0.024870364843907977,-0.012068867608840938,-0.009227337715582866,0.00929929443868798,-0.013212595476682566,-0.014250075433896293,-0.01060149384343895,0.026142333543021375,-0.014250075433896293
mmc,0.0036577649396357373,-0.02579436142652106,0.2725967374707837,0.007450605636313354,1.0,-0.013765707676680582,0.06233421105672222,0.15455707394476906,-0.24310178578813335,0.06993750260295745,0.3245523890305309,-0.04648958978205626,-0.046498972098387055,0.23552798867439706,0.2892381168369224,0.1008636167155663,0.509270232202136,-0.018811592369308225,0.010490661586349202,0.3477766085006051,0.3978348998353172,-0.07812363369941194,0.0036577649396357373,0.025838867552327272,0.23473180459300325,0.040534766986750924,0.05519271956523881,0.21332360420974045,0.34223768119139436,0.1895162567258764,0.4154887391721894,0.12129240676571716,0.31856039225893507,0.20089784514868728,0.2173045488391554,0.3927164291557428,0.023738272030067786,0.3492444463418864,0.36917754520247614,0.3023293651096653,0.4297166849482309,0.34683122313963344,0.2286490885492088,0.09067625220826407,0.3572279184868594,0.21821221017448228,0.19730628707537826,0.12495726426984727,0.06794563100526135,0.4423075418118133,0.3565634889158186,0.32079464423766757,0.39019651644156966,0.04182824580692643,0.17799272304514563,0.22090725083524926,0.4455512733545422,0.34172016892289253,0.08790387251111823,-0.052887575638720825,0.3557987254105843,0.22851539715670047,0.05493892640741052,0.026579376499323605,0.008814606825998886,0.34343360300054515,-0.04672523686565356,0.2632026857207457,-0.13835381357021875,0.10459032393808558,0.19662707355209244,0.36890711204840965,0.35236861752125914,0.1944469381921893,-0.0989943382850793,-0.1995788780811889,-0.3942618991252729,-0.31478561890157764,-0.1995788780811889
pc_ratio,0.00916460458554804,0.009517827755506171,0.00026915255012942166,0.07003881984904513,-0.013765707676680582,1.0,-0.0022230541689735976,-0.01330710550909225,0.03550750515329582,0.014595622647650287,-0.011921209886926892,0.004181717179955945,0.0042283233255467475,-0.011131816549779803,-0.020261896793089325,-0.014803361641972098,-0.01665951896172014,-0.009743226665816219,0.10574165642649866,-0.014952759093904037,-0.015000343092705997,-0.006746792641774015,0.00916460458554804,-0.008376383138657741,-0.017590227605350534,0.001603506039927257,0.03137370684131677,-0.007047755558931463,0.008385681254975616,0.013129146466381384,-0.008564760174345504,-0.008674499300110028,-0.040995280520941334,-0.006554170008266527,-0.010171931416009234,-0.00567043290649455,0.03133603137926913,-0.009785133205746118,0.003948804519765219,-0.04287148471709938,-0.013166366145842953,-0.04322717657976639,0.002132025950575048,0.022895435478548415,-0.04579313221842564,-0.004758997216206977,-0.011644625856578422,-0.011398875260177022,0.003755194747638703,0.00011476221477554104,-0.012423574440314394,0.013517029473520764,0.005074065175234339,0.013340701041194662,-0.008362249236712041,-0.0040830043594081294,-0.006785811360854339,-0.03913657870702558,0.015755212588724817,0.03204120953333526,-0.04278108004868638,-0.006024508148947081,-0.025077532251359086,-0.005289944240941543,0.0015719326230700904,0.0019483822172355436,-0.0034102438199387023,-0.010119076218295596,0.02183660602948338,-0.008029998818216427,-0.007083749109496659,0.0038964464635652166,-0.014160269313917019,-0.008381944762966857,0.0366030769336706,-0.00951863850883077,-0.014774289273017417,0.05872005503394993,-0.00951863850883077
pe_ratio,0.01532286932953988,0.021553397462710264,0.05453673421589654,0.006870288173792194,0.06233421105672222,-0.0022230541689735976,1.0,0.001860882277310114,-0.04321111140345003,0.01635432835748071,0.09999168876086317,0.005556032507722741,0.006284767915144378,0.013063065738109341,0.0300374658451241,0.03956853817554906,0.08537362594697152,0.01165039207209944,-0.009584865275412585,0.040283073837671296,0.0636962172645451,0.06401971232672121,0.01532286932953988,0.0005701682241929578,0.2921870550369954,0.0011801801659835475,0.024494762569793674,0.0805455099940554,0.1000906787840485,0.017447557004419235,0.09405644391541651,-0.0006749730962805447,-0.03686628027406936,0.069024727714328,0.0002003027133321102,0.09103458318106507,0.006071974060114932,0.07481752166843561,0.08615047401878163,-0.02647375291660034,0.09509555536348284,-0.01871803208386785,0.014797077754371949,0.02452834912712224,-0.03926687336948915,0.07026715306791394,0.01785468427335621,-0.010646834712102654,0.006009326120008759,0.07922697777729358,0.07485288836104992,0.04283402447258314,0.07114708137649686,0.007462913068816921,0.001065178631898819,0.07959856716407403,0.07794592064921535,-0.0037098800825802417,-0.007087334297701517,0.029829089434690093,-0.03471146010240852,0.08074651450800582,0.017071558696169595,-0.00906654038958316,0.07877226346724256,0.09042755574004589,0.05770886793721785,0.058987866698977424,0.020852690300245624,-0.0076402953854656525,0.08196770795558378,0.09189091227126996,0.09581509101250013,0.06636999468608669,-0.006705614042696403,-0.07445995428995354,0.023887029899084193,-0.03143572618063212,-0.07445995428995354
total_assets,0.03778743608903803,-0.20592204652246862,0.09312730358429944,-0.005924599789192332,0.15455707394476906,-0.01330710550909225,0.001860882277310114,1.0,0.013348126858248781,0.33230679282022546,0.07331935252346058,-0.18140242183378905,-0.18312422806859383,-0.0014327225146563835,0.02427917149657334,0.008177903754272044,0.06554037949362988,-0.030327547808474117,0.006386533269173589,0.011470184698713722,0.08816385752296374,-0.05238525320742217,0.03778743608903803,0.016111147405072298,0.015698018431534563,0.01920887997904465,0.15068225889445677,-0.0025581661609420676,0.18718254459652472,0.03621488674078289,0.1382836657486985,0.0200804917399268,0.09986375232475099,-0.05225676064082858,0.003992207169037032,0.1981444913508331,0.04253152719915525,0.0754380568846356,0.06038303121707707,0.07227173767728463,0.09472463371139919,0.06514175053695964,0.22915298255306768,0.16065608377167295,0.09232993336835113,-0.0555834329718061,0.12622765918528384,0.02354695408886306,0.019672985848873035,0.18534372883917694,0.05006773964240178,0.05477186542413658,0.2832709097289183,0.019042786397689714,0.027872879476285334,-0.007154791784954143,0.10756880323435028,0.05879044811572573,0.2460871820371325,0.172929268270262,0.044715999940350956,-0.048320724418606284,0.11759862477221841,0.011639062976349616,-0.006305948987302154,0.041712313306991156,0.04552138260417206,0.31671479785729506,0.015122629696384577,0.0045148873975642745,0.0013289054795616797,0.14523170766067983,0.09212293952335222,0.11975227007136692,0.02764863683389386,-0.07347238167614789,-0.004229116858863054,-0.03612801244671941,-0.07347238167614789
yield,-0.005556342524168571,-0.20901012511106862,-0.204139453741472,-0.020115831557406604,-0.24310178578813335,0.03550750515329582,-0.04321111140345003,0.013348126858248781,1.0,0.08269804642949587,-0.35085774447713136,0.07872212742043416,0.07803174642227316,-0.001628690468658838,-0.2207065681340343,-0.19780291289298205,-0.45132215693555294,-0.043177162088814676,0.17682659382981195,-0.18208734337505897,-0.3282158330663122,0.04616773989624294,-0.005556342524168571,0.04695571906806952,-0.25584967171297107,-0.007993553547944239,0.23996498119028845,-0.43083503452096816,0.053624140298841015,-0.08690773063281615,-0.3297415782128763,-0.16710181799606294,-0.2689151685780811,-0.42759163697594677,-0.2464468485464035,-0.29338685633529327,0.25304186199060824,-0.2991004124485137,-0.13883870034113593,-0.2598655070775503,-0.3877332283510709,-0.26912849962323493,0.03905853726673204,0.16932008775768026,-0.2704369571967983,-0.4184289937301614,0.08511504703427565,-0.13700156584033235,-0.04428265292670219,-0.35539312612435286,-0.3881691053172289,-0.2160826320544178,-0.27774231072363825,0.16150217772284503,-0.20509545350537592,-0.4030113695097518,-0.36208635516145393,-0.3239165721261271,0.23384805580006296,0.33964017136424424,-0.3468814346239924,-0.49191576656332253,-0.006097553587612952,-0.0070555229211120805,-0.01095925599073103,-0.16437475516947297,0.13407733491115398,-0.25886955487588803,0.37254007245062143,-0.12401087196851192,-0.3804030502793694,-0.3873683681432189,-0.3315212617482483,-0.3246643505205748,0.22415661062398792,0.13879154045912212,0.028627588073946688,0.12754791734670667,0.13879154045912212
greatstone_rating,0.0010283307197423706,-0.24266868246300086,0.05227537946230523,-0.0037141163023499805,0.06993750260295745,0.014595622647650287,0.01635432835748071,0.33230679282022546,0.08269804642949587,1.0,0.11222373797108343,-0.1437291530469743,-0.14354041138026796,-0.010975691762302727,0.01274315733224421,-0.004558874860805177,0.07062970723017736,-0.001662528257335844,-0.0006752184538327792,-0.013359806834467297,0.025396658117678512,0.0027007618305808006,0.0010283307197423706,0.0030169273367315645,0.033622815796766216,0.042461121085685255,0.42278096185253927,0.0011628486888359286,0.4489653413318019,-0.0008020313237920607,0.29722266205741854,0.06183336167654297,0.03799458747297552,-0.07966252996850347,0.025245058684285743,0.43345506404340833,0.016135431638065835,0.04020331621292486,0.004388478239250893,0.03856163970241791,0.04936898330723402,0.03446838631987885,0.49982772690608746,0.4023199172945357,0.03377513520153633,-0.08280088584486463,0.0663322249376311,0.058705858638313665,0.04018009321412382,0.3519162096418922,0.008928491066588483,-0.00035716521709241593,0.4109942121283929,-0.0004433293235841023,0.0510968024691083,-0.0017797250522688568,0.04328830432173999,0.05217949796438324,0.4569452094246905,0.3411496097305805,0.008753613246296288,-0.07597030766949725,0.12433339028958788,0.02828104884685382,2.3206449982814395e-05,0.039552462085428064,0.017989297005528954,0.2948492408943045,0.0070932647710453735,0.006862701460100473,0.011678563976462159,0.26220576829034886,0.06319223657085345,0.097998093762412,-0.011181162575215155,-0.08568586058123268,0.03964106241600771,0.028208325131037937,-0.08568586058123268
return_ytd,0.01258414631560763,0.050832301513837656,0.29306935561386366,0.015288030932953433,0.3245523890305309,-0.011921209886926892,0.09999168876086317,0.07331935252346058,-0.35085774447713136,0.11222373797108343,1.0,-0.028831025793231446,-0.028311598256641268,0.05346039666003843,0.24492569211225176,0.2683265919940548,0.5920472952694388,0.06606174450745712,0.05557759948516043,0.22641446322415765,0.38649581367494323,0.1533338707693211,0.01258414631560763,0.027311313951069692,0.35588032076039766,0.06909544040517246,-0.029643068287207974,0.6805089383251306,0.4188984621811086,0.29341606524906266,0.8422157469791547,0.410123911177791,0.18408116299517832,0.6877639788155135,0.37324278749303114,0.7563963559360521,-0.1138789024612471,0.7074799396708639,0.4549391261128413,0.17186432177634425,0.7681457282658469,0.21180813987723318,0.14216583358529128,-0.10316946834566335,0.19087502633584916,0.6850833759435857,0.009069677620421284,0.37367629028703286,0.07684811442130332,0.6927372655322037,0.6147651149035749,0.363810455450302,0.5567270922426464,-0.15777138402536886,0.3975783785037819,0.6684778355652997,0.5918192933174665,0.2911666319377957,0.0623252779280844,-0.11273641783081156,0.2461780071978378,0.6767286693741698,0.14647296643093344,0.12332096163816322,0.01765863708019316,0.6278873089220652,-0.0336833940281439,0.5496273696742382,-0.15043752499979313,0.2261085903295562,0.6453212240053534,0.8652962481042578,0.7527459728209737,0.41723127216174194,-0.1968785668413175,-0.25899395318612034,-0.084417266164258,-0.021454074368193722,-0.25899395318612034
Year,-0.03395569503283949,-0.033389728577330254,-0.010410810758996808,0.0009959642445760567,-0.04648958978205626,0.004181717179955945,0.005556032507722741,-0.18140242183378905,0.07872212742043416,-0.1437291530469743,-0.028831025793231446,1.0,0.9994397049870875,0.016074769555957866,0.01872124256606761,0.024652936097202816,-0.0059203757407288475,0.0012031171234081147,0.03789315792386739,0.05796488038855702,-0.02166135042390856,0.04917932631803416,-0.03395569503283949,0.01745398074965426,0.02519002936278633,0.002792049671202583,0.012545851922846598,-0.022633676621346153,0.05949642658038848,-0.02425902790868876,-0.018728356121087072,-0.01647088742973473,-0.08681440102178123,-0.024267645314863435,0.0017177129157048164,-0.10582414739079223,-0.006885781030272433,-0.020726841233395212,0.07519993046216517,-0.06437424780167654,-0.03632348410889076,-0.05951586178068246,-0.038559450184888294,0.019698542735691306,-0.07750622677216172,-0.0073624541782656375,-0.095493604932531,-0.01432930043619311,-0.011838648475272003,-0.045289716646742466,-0.044196223782778,-0.0859384317043407,-0.20121022838795274,-0.0020120126412561234,-0.03304294405545564,-0.009977535361352981,-0.07157884085250339,-0.07461678208456607,0.008818006238070645,0.028112870345385576,-0.014371696380514033,0.030766119962146,-0.03634444929084109,0.0024122045201478686,0.0005921596672274777,0.04233870113762224,0.021596869767335613,-0.3641855833482922,0.023079870154291672,0.0004234449332878356,-0.005584910373867657,0.03671826825396386,-0.03831676087390958,-0.06580048965183603,-0.020008684462377316,0.051207112400456556,-0.07422994130489345,0.018874561210007718,0.051207112400456556
inception_date_delta,-0.03352733559629264,-0.033267990321023115,-0.010009298119243188,0.00139436136784005,-0.046498972098387055,0.0042283233255467475,0.006284767915144378,-0.18312422806859383,0.07803174642227316,-0.14354041138026796,-0.028311598256641268,0.9994397049870875,1.0,0.016309800637133165,0.01895660216569124,0.02514907591345644,-0.005225145015715172,0.0014261437116895284,0.03797828266107235,0.058436825542557885,-0.021477786538083393,0.0497295394405001,-0.03352733559629264,0.017256624647127267,0.02619337412916621,0.00293749666096075,0.012875247142956988,-0.022295047634910185,0.06049763414662342,-0.023877815379640226,-0.017868677365610756,-0.01661114960689405,-0.08775209101704542,-0.024053412304350614,0.0018386959379334351,-0.10552728779455191,-0.007190935307330635,-0.020434803267669555,0.07594691229302424,-0.06460760463489608,-0.035768850153073475,-0.05977218283063404,-0.03810858934216045,0.02012533504191868,-0.07838930629683043,-0.0070511055075133935,-0.09551013977937489,-0.014570947592849432,-0.011892731170709936,-0.044380910733532106,-0.04385875666537141,-0.08587074985229516,-0.20140836017883826,-0.0022809822053527617,-0.033358151631445565,-0.009591292295585628,-0.07124249882235145,-0.07482904190742429,0.00936276554982753,0.028198209001516768,-0.014178577931798643,0.03127722660145336,-0.03597007903099581,0.0023792255032086427,0.0004872825529731665,0.04298731263885921,0.021725827986323963,-0.3652677214483227,0.023085032524614718,9.769107617778158e-06,-0.005279671588382824,0.03808955277364746,-0.03773955458531311,-0.0664721011586667,-0.020394522154347606,0.05112216890083796,-0.07443229880047174,0.01876281785434029,0.05112216890083796
portfolio_communication_allocation,0.013354587319813347,0.03607384503934569,0.03952186447528196,-0.0030187595704853206,0.23552798867439706,-0.011131816549779803,0.013063065738109341,-0.0014327225146563835,-0.001628690468658838,-0.010975691762302727,0.05346039666003843,0.016074769555957866,0.016309800637133165,1.0,0.1202690072003916,0.08894040200403924,0.0920356391508058,0.019134178888401052,0.024017493744454402,0.17237701854101745,0.10414260195223266,0.010058646738664231,0.013354587319813347,0.11911058568496734,0.07708293761991797,0.02104403278269985,-0.016019536256078437,0.05411387527536894,0.07276860920836377,0.07263280563021918,0.055619813265902505,0.021074751060169095,0.032756344140427496,0.06170942080109627,0.026355154126849425,0.056747769343021004,-0.002230904647451875,0.13338752781482568,0.13902060891874812,0.03490539531383086,0.06804000848179859,0.05997402849532087,-0.05581323876466468,-0.001652401521212964,0.06610055338421508,0.08936248423951633,-0.028806904676701734,0.02090817896588083,0.01326937643177882,0.027296466801686556,0.04231296705591283,0.10628017041230312,0.015478180349036105,0.038293783043455626,0.013160261683235063,0.06893022070463736,0.04856005027806347,0.07379143172042255,-0.09667795034931537,0.0048307141974645446,0.07254118525137734,0.11880667489118141,-0.01693676224909033,-0.053354327616622246,0.000842144299332532,0.15381602726593865,-0.03871113706858084,0.016686804132186244,0.007938458296817346,0.001364267452515322,0.08838026324275546,0.06212440450952249,0.06583193312409034,-0.06703374893691587,0.11535743984521167,-0.12371243876127848,-0.13871518190363655,-0.12007078050113419,-0.12371243876127848
portfolio_financial_services,0.005245005751357913,0.0654744935386818,0.09042526281851099,-0.0023151805149696234,0.2892381168369224,-0.020261896793089325,0.0300374658451241,0.02427917149657334,-0.2207065681340343,0.01274315733224421,0.24492569211225176,0.01872124256606761,0.01895660216569124,0.1202690072003916,1.0,0.1814150894144791,0.24958160356965184,0.06122202908925813,-0.026142798279800726,0.2819964340997436,0.1811537138224004,-0.055107043682924434,0.005245005751357913,0.014087477468718808,0.22448800253291967,0.019952587452691194,-0.15815022216705704,0.3055254819716689,0.17534592795814904,0.10461233552588763,0.26731856785084424,0.16258608808843483,0.2078915833195644,0.2820725552274655,0.23854606131322273,0.23898153242660375,-0.170501427617452,0.3493511973319016,0.3235270443822151,0.1993312678111889,0.29292941788604615,0.23392014187267976,-0.05501574066234477,-0.1299947217180352,0.2244244192690676,0.28381191350712154,-0.13022537985640398,0.14437025904115935,0.008980623530785803,0.16753490315326003,0.22211757377443264,0.07277624733391906,0.12797782180217157,-0.1338127032576372,0.21527695881997488,0.30710167353485546,0.1809990643910656,0.27429226316004657,-0.09981160096099381,-0.17991587618201962,0.2500261691507882,0.3111615228968618,0.09214973261466063,0.04324108844272,-0.0009521406821823696,0.342455194220914,-0.07481340333807814,0.17654553246154966,-0.21538060967542466,0.13504761789485406,0.33688478384302983,0.2699818730223219,0.2826671554544404,0.010256631174218923,0.02713381594772181,-0.15422098862325095,-0.257759944454268,-0.07910078852658319,-0.15422098862325095
portfolio_industrials_allocation,0.021662925801902645,0.09236718694080767,0.12674637767680833,-0.007057324117008299,0.1008636167155663,-0.014803361641972098,0.03956853817554906,0.008177903754272044,-0.19780291289298205,-0.004558874860805177,0.2683265919940548,0.024652936097202816,0.02514907591345644,0.08894040200403924,0.1814150894144791,1.0,0.2304464327010311,0.07661916748068746,-0.028926513658035325,0.18884352155061507,0.21043906698115067,-0.0585163236901306,0.021662925801902645,0.07025902518951413,0.24410909387249752,0.013310253654661956,-0.1467751715778585,0.2773557234617595,0.15282456877463702,0.07481808682638288,0.2350063886745439,0.10537477128575044,0.1055162577623986,0.24465448098371773,0.10066855966823036,0.2069759058682704,-0.1533437142058404,0.28554761167082987,0.2602435733029281,0.08677663401287729,0.27657012217951626,0.10080178691528811,-0.023293962579089427,-0.12556538312283633,0.10073636800401871,0.23507707974103592,-0.08605674269225458,0.08035238414510652,0.02489079008415838,0.16617770761931885,0.19338722961325527,0.08344513690857389,0.12810997070728367,-0.14812106255250712,0.08126495858017839,0.26624870050286625,0.17537069322332294,0.1437385274316975,-0.07005964956946269,-0.11383549054455355,0.15718732637037336,0.2885475437324894,0.031408014325968715,-0.005952013424483656,0.05174666606291493,0.2887186394054277,0.09618669444983191,0.16171321453131676,-0.12220536553894736,0.03438454348434074,0.2802557336898878,0.28086748657149974,0.28457857104178547,0.10446077284304128,-0.030565921838683844,-0.16723632056785528,-0.06332552097036716,0.07989530304639542,-0.16723632056785528
portfolio_tech_allocation,0.008796658141423615,0.0709796345580517,0.33660295455099115,0.007523288023318492,0.509270232202136,-0.01665951896172014,0.08537362594697152,0.06554037949362988,-0.45132215693555294,0.07062970723017736,0.5920472952694388,-0.0059203757407288475,-0.005225145015715172,0.0920356391508058,0.24958160356965184,0.2304464327010311,1.0,0.00275863175019922,-0.11034305403670518,0.24617866793005758,0.41002495059863453,-0.1108892614798016,0.008796658141423615,-0.06713189152059322,0.4042330341072413,0.058523613649608355,0.10872375541695667,0.4608313812250984,0.38026405054670537,0.27224537134000526,0.6679954392969631,0.23987298137699575,0.2711833328491735,0.45207888315955097,0.28456846635506516,0.6195415904279192,0.05718763484149957,0.524345504364603,0.45517259822224543,0.272296902938042,0.6842431338167004,0.30605949173571034,0.17795491818618037,0.08423026862613599,0.2824922026270686,0.44825294351694545,0.098358595910608,0.21290709142954978,0.07320432012376481,0.594877145775367,0.45055399582934436,0.3388771045723038,0.5026447455517786,0.022439223391015905,0.2529048537061766,0.45568366704622876,0.5779022999542889,0.3427573297425166,0.020459893041299408,-0.06413052494224962,0.319900638703983,0.44794095058426825,0.101850494313396,0.057603941446913644,0.012517186135286393,0.4956701939180295,-0.06116422628282508,0.3718066855043454,-0.18176149011223186,0.15265985474504515,0.43953260331596683,0.5677261128641145,0.5325418805606688,0.47827165402973554,-0.30701873782336725,-0.24997467745954824,-0.21857278980906558,-0.12740890381829692,-0.24997467745954824
portfolio_materials_basic_allocation,-0.0012658919048055602,0.059099941678362244,0.011787518887884391,0.12943902438738242,-0.018811592369308225,-0.009743226665816219,0.01165039207209944,-0.030327547808474117,-0.043177162088814676,-0.001662528257335844,0.06606174450745712,0.0012031171234081147,0.0014261437116895284,0.019134178888401052,0.06122202908925813,0.07661916748068746,0.00275863175019922,1.0,0.04886781493108232,0.06468675422379408,-0.00029312943730128795,-0.028003189161379626,-0.0012658919048055602,0.014164552667235144,0.08540858083372668,0.029620855492290304,-0.031871907558528076,0.25563179960715254,0.022166620996895425,0.02279202313832089,0.049634357756644584,-0.0008061519529338698,-0.1046795580577951,0.23828215325251464,-0.030220888355142125,0.020116394914747794,-0.010862378756840456,0.1562130200554454,0.05051031011913933,-0.0874739378147422,0.04553075249288537,-0.06620540649985601,-0.14328338636249985,-0.08808614378861976,-0.10706546420927925,0.27062210137016063,-0.1499903634219169,0.0014422045400287174,-0.009067073665742656,-0.060079246200167274,-0.03551441443910349,-0.1034023711156013,-0.09635860116596652,-0.08215069926149864,0.0393057326129202,0.28054358740713026,-0.09943657754473241,-0.03102292809618932,-0.2028699241743041,-0.15212850033847639,-0.08309920315338075,0.3143290575768014,-0.1769210846180228,0.0030260203221417104,-0.00464956093659617,0.10970495953250024,0.011527623308117293,-0.029699750684079495,-0.12040001502256123,0.0237615505562879,0.2685870359959196,0.00819655338274668,-0.008601811000796517,0.00015257498197918665,0.030812693940734596,-0.10643629261554122,-0.021499091794833784,0.04768299552421802,-0.10643629261554122
portfolio_energy_allocation,-0.012432387808018681,0.06680637821278006,0.09329557916804207,0.0031540864641829308,0.010490661586349202,0.10574165642649866,-0.009584865275412585,0.006386533269173589,0.17682659382981195,-0.0006752184538327792,0.05557759948516043,0.03789315792386739,0.03797828266107235,0.024017493744454402,-0.026142798279800726,-0.028926513658035325,-0.11034305403670518,0.04886781493108232,1.0,-0.028016263739903898,-0.06873553117267263,-0.04912588866860567,-0.012432387808018681,0.037703191769411164,-0.08658222413835912,0.005439547801533165,-0.08687362269662173,0.08989479884638316,0.03820843203437631,0.02757823724172299,-0.032668442118731,0.006988158731772709,-0.16719418428688212,0.09122637603234783,-0.05037406411148887,-0.03852641743014013,-0.0978586989049099,0.027222115379751503,0.010064713757766582,-0.16303831579369052,-0.03853635995994055,-0.13774986576799195,-0.14486619831748415,-0.23320865209451924,-0.1551993992869851,0.1042250619033008,-0.06754104461176268,0.008075893180024649,-0.018285403965347054,-0.18465537011807506,-0.12487557935430342,-0.09212488822421226,-0.17246676367713848,-0.26916740600701206,-0.04629551281395912,0.1168139901831663,-0.21795855172149378,-0.12115921496991672,-0.020855943324490808,-0.07479146331897858,-0.11894503591803962,0.08332838246478227,-0.10751357559485641,-0.0011415067402620752,-0.01647096579961134,0.11720469171722542,0.026415984231629594,-0.0639519770278476,0.03219314243509119,-0.037173860808631914,0.06611707442453423,-0.01844369092628424,0.0031907793534754346,-0.12917918339685136,0.16838591292939498,-0.0642895059844749,-0.06464392632431683,0.09645257224273221,-0.0642895059844749
portfolio_consumer_defence_allocation,0.0013265599298579631,0.038610065379868025,0.14737418769440988,-0.002605940401596775,0.3477766085006051,-0.014952759093904037,0.040283073837671296,0.011470184698713722,-0.18208734337505897,-0.013359806834467297,0.22641446322415765,0.05796488038855702,0.058436825542557885,0.17237701854101745,0.2819964340997436,0.18884352155061507,0.24617866793005758,0.06468675422379408,-0.028016263739903898,1.0,0.2644707250603251,-0.06592447901697948,0.0013265599298579631,0.03430494884121023,0.27305304779450246,0.022302464970297683,-0.08111989818604186,0.2255040321711708,0.1465947794998941,0.09611860011579622,0.19578390738082507,0.09598038994312542,0.23005896555803007,0.17309960783453948,0.21276359793676913,0.16445061233134178,-0.09808527595125911,0.32696678503173376,0.3335201245885122,0.2618473291375139,0.24573497144134818,0.29534374489514337,-0.03730601289653841,0.02155062255598762,0.24972539000194693,0.18469323902575244,-0.07346978383208862,0.08087453075032493,0.021002719303409054,0.1395578934123011,0.166520739148188,0.07709106512507143,0.09228191371520353,-0.012092820190895668,0.19210460082930644,0.24101040237132806,0.15259453853984836,0.3192761943443803,-0.0656843621670992,-0.03142292969022252,0.2733704887169307,0.21887359740920873,0.07880968813626238,0.01593770909048199,0.005372816051040713,0.32567025069844996,-0.06359963266501434,0.08334228422960664,-0.11288097892900194,0.11421477223073946,0.27852603306162244,0.21267256182024852,0.2284602918690552,0.1032851271057995,-0.06508900825402623,-0.20196007258987936,-0.27449301372156226,-0.15801954792503248,-0.20196007258987936
portfolio_healthcare_allocation,-0.01120972198661464,0.037115037236014725,0.2891256068970182,0.003435591774520093,0.3978348998353172,-0.015000343092705997,0.0636962172645451,0.08816385752296374,-0.3282158330663122,0.025396658117678512,0.38649581367494323,-0.02166135042390856,-0.021477786538083393,0.10414260195223266,0.1811537138224004,0.21043906698115067,0.41002495059863453,-0.00029312943730128795,-0.06873553117267263,0.2644707250603251,1.0,-0.0975017744907684,-0.01120972198661464,-0.009524783341178717,0.23437722667817815,0.037393117720224044,-0.06608363979084832,0.3605120708724006,0.26226721516573404,0.19400838314748833,0.4377405791195741,0.18376090614172827,0.23708539797150138,0.3268350521031843,0.22926402216658234,0.4084982778434504,-0.09886099764619355,0.3766652370023242,0.39118203826939263,0.2482950169541525,0.4847422113053806,0.25317227584502394,0.09394642140594713,-0.03328002760577087,0.21799903252824224,0.3324543797509779,0.14919163456388856,0.15672355640341662,0.05209808340125909,0.4019167724434547,0.4048204368590792,0.2698358851956046,0.3428793260719581,-0.04905087568595121,0.2045111357407448,0.34067202197739155,0.4335194043458457,0.26099475684385337,0.030240966843776324,-0.01667901137425812,0.19803297291464572,0.30408312985973396,0.09275246784105745,0.03081820066799889,0.012017345650097324,0.35917327870856725,-0.04730082133265483,0.302066852210324,-0.12241541851301732,0.12415011300810735,0.3037028195267631,0.41838231092781514,0.44021916163615543,0.3061654793535529,-0.14500601762608947,-0.22141113619170036,-0.20252720310941127,-0.093322925044247,-0.22141113619170036
portfolio_property_allocation,-0.004574816311119538,0.06079238692876369,0.0062711108723059305,0.013548888920259473,-0.07812363369941194,-0.006746792641774015,0.06401971232672121,-0.05238525320742217,0.04616773989624294,0.0027007618305808006,0.1533338707693211,0.04917932631803416,0.0497295394405001,0.010058646738664231,-0.055107043682924434,-0.0585163236901306,-0.1108892614798016,-0.028003189161379626,-0.04912588866860567,-0.06592447901697948,-0.0975017744907684,1.0,-0.004574816311119538,0.010223499117539926,-0.06371911627860642,-0.0010865870805193923,-0.10458557085606462,0.0949188787488899,-0.038705438048660334,-0.0007797037098974735,-0.012910939574586684,-0.01154578099617441,-0.12954362380891876,0.08805739660575408,0.0575882819675238,-0.018004668352954493,-0.12972056884584016,0.10544301001855894,-0.1061120492322647,-0.1086977970543339,-0.015344082576608681,-0.104428043836989,-0.013915255630927702,0.07517546277673555,-0.13210859105310185,0.10268705819429236,-0.03588070233840572,-0.016987558446896384,0.029998474353216485,0.08089826542864938,0.14742495095165586,0.13622339910845888,0.05702516086993436,0.08453699752061909,0.0506202383146365,0.10393408599190636,0.09037802372266382,-0.02529757243593531,-0.029495449157989025,0.12132209361870742,-0.06118602815109759,0.1674804288429306,0.04239113682042709,0.0015017034744446885,0.0042018089457325405,0.12878288350490302,-0.02056622034296396,0.08228522960691144,0.1356544659955935,0.033696686725520876,0.15177454587462733,0.1677156224262561,0.16871602018975074,-0.08049835087286503,-0.03266767483058557,-0.08101531873357654,0.16897989821830683,-0.03140271841416239,-0.08101531873357654
id,1.0,-0.03230300884829166,0.0037817369015894584,0.014380085297521352,0.0036577649396357373,0.00916460458554804,0.01532286932953988,0.03778743608903803,-0.005556342524168571,0.0010283307197423706,0.01258414631560763,-0.03395569503283949,-0.03352733559629264,0.013354587319813347,0.005245005751357913,0.021662925801902645,0.008796658141423615,-0.0012658919048055602,-0.012432387808018681,0.0013265599298579631,-0.01120972198661464,-0.004574816311119538,1.0,0.004049847605046369,0.026512614169350728,0.003155958923015677,-0.02142587645118683,0.00036166000301619166,0.02247247567279649,0.014084105179453124,0.017375245752471853,0.018831459669783588,0.04359442166310818,0.028150030473224112,-0.0034736315036279033,0.017022435052034206,-0.026802396164981264,0.011866389895340671,0.009336259487075017,0.036978641600862935,0.00879971187495316,0.033439513048521746,0.0191866082880366,-0.024874190914872932,0.01872914500979054,0.030837934457043335,0.04428752636286221,0.007074919594843737,0.0037540730261726375,0.017454090181793554,0.03107919889494511,0.01922357925826309,0.009145381094768685,-0.021049489653169263,-0.0024247405821332976,-0.0017312460419700575,0.025361615681680005,0.011985529474187151,0.006282877037984882,-0.018745394481844844,-0.012348244133430938,0.036407630727032854,-0.019894360436082666,-0.012210355152701101,0.006754059186203514,-0.0077548298269299815,-0.018691599614426797,0.017003320930118342,-0.026691005363822268,-0.005473992526399698,-0.009665982904225608,0.009459415506673839,0.008218241532122467,-0.0006054628761010401,-0.038798584750077546,0.01274716858751906,-0.015443058185148524,0.01065865159978092,0.01274716858751906
